Ceilings (sorted by ceiling ascending; most constrained first)
================================================================
Selection: latest 1d quote volume >= 1,000,000 USDT; top 1000 by that volume receive a 30d history for ADV/volatility.

symbol                        ADV     volatility            ceiling flag      
------------------------------------------------------------------------------
GTCUSDT              1,478,219.46       0.120181             102.34 CRITICAL  
OSMOUSDT             1,824,481.78       0.124725             117.28 CRITICAL  
MOVRUSDT             9,268,977.10       0.183514             275.23 CRITICAL  
SAPIENUSDT           1,994,220.75       0.067708             435.01 CRITICAL  
RADUSDT              1,515,072.16       0.057401             459.82 CRITICAL  
DOGSUSDT             8,083,173.38       0.132023             463.75 CRITICAL  
ORDIUSDT            27,147,699.01       0.209446             618.86 CRITICAL  
SAGAUSDT             4,065,802.78       0.080820             622.46 CRITICAL  
YGGUSDT              1,095,715.09       0.038690             731.99 CRITICAL  
BIOUSDT             20,285,027.87       0.153338             862.73 WARN      
DYMUSDT              2,776,816.36       0.056507             869.64 WARN      
PARTIUSDT            3,284,515.18       0.057442             995.42 WARN      
LAYERUSDT            3,295,808.40       0.053433           1,154.38 WARN      
SAHARAUSDT           4,904,934.54       0.063476           1,217.34           
CFGUSDT              5,283,924.09       0.064660           1,263.82           
NOTUSDT              6,710,569.64       0.072038           1,293.10           
ZBTUSDT             11,617,698.70       0.094321           1,305.89           
WUSDT                2,842,927.78       0.045328           1,383.65           
THETAUSDT            2,200,135.01       0.039538           1,407.43           
GIGGLEUSDT          15,984,634.29       0.102363           1,525.53           
BANANAS31USDT        4,428,652.10       0.051585           1,664.29           
JUPUSDT              3,837,580.09       0.047431           1,705.84           
PENDLEUSDT           7,838,003.57       0.063922           1,918.27           
LUNCUSDT            16,915,042.95       0.092680           1,969.26           
MOVEUSDT             2,074,679.93       0.031959           2,031.22           
币安人生USDT            50,395,766.74       0.136730           2,695.65           
ICPUSDT              9,045,366.63       0.056825           2,801.25           
KITEUSDT             4,953,892.73       0.039668           3,148.21           
XPLUSDT              6,896,813.94       0.046578           3,178.91           
ZENUSDT              5,094,762.64       0.039421           3,278.48           
INJUSDT              4,820,405.50       0.037330           3,459.06           
GALAUSDT             7,093,619.62       0.045011           3,501.36           
FFUSDT               2,720,871.94       0.026345           3,920.25           
PLUMEUSDT            9,707,425.12       0.049395           3,978.63           
CRVUSDT              3,927,969.67       0.030150           4,321.10           
WLFIUSDT            10,553,445.44       0.049297           4,342.59           
ONDOUSDT            13,348,097.67       0.055293           4,365.91           
PUMPUSDT             7,056,403.17       0.038439           4,775.76           
ARBUSDT              7,965,148.26       0.040204           4,927.94           
VIRTUALUSDT          7,390,093.83       0.037622           5,221.09           
FILUSDT             12,427,425.68       0.048777           5,223.43           
CHIPUSDT           145,757,654.57       0.164247           5,403.05           
SEIUSDT              6,465,250.08       0.034559           5,413.20           
DASHUSDT            15,879,357.34       0.050476           6,232.60           
WLDUSDT             11,688,882.90       0.042825           6,373.38           
ENAUSDT             15,981,381.53       0.049304           6,574.26           
RENDERUSDT           4,987,822.28       0.027050           6,816.52           
MEGAUSDT            19,647,955.54       0.053364           6,899.65           
BONKUSDT             6,999,419.24       0.030491           7,528.73           
APTUSDT             11,278,868.41       0.035678           8,860.69           
FETUSDT             10,468,852.29       0.032470           9,929.85           
PENGUUSDT           23,370,802.46       0.048325          10,007.75           
TONUSDT             57,136,444.01       0.070802          11,397.69           
AAVEUSDT            21,516,323.85       0.042534          11,893.32           
NEARUSDT            16,488,220.44       0.035957          12,752.95           
TRUMPUSDT           14,651,969.09       0.032456          13,909.09           
XLMUSDT              8,907,106.38       0.024245          15,152.72           
UNIUSDT             11,799,934.84       0.026770          16,465.20           
SUIUSDT             41,285,692.67       0.047195          18,535.49           
HBARUSDT             7,602,908.53       0.019434          20,130.54           
BCHUSDT              6,840,049.11       0.018290          20,447.79           
TAOUSDT             30,399,198.87       0.035635          23,938.58           
ZECUSDT             86,436,528.27       0.056780          26,810.92           
ASTERUSDT           11,922,398.87       0.018772          33,834.14           
AVAXUSDT            20,468,651.42       0.020164          50,340.14           
LINKUSDT            24,362,040.94       0.021819          51,172.32           
ADAUSDT             28,150,727.22       0.022451          55,849.82           
LTCUSDT             14,913,792.40       0.016003          58,236.56           
PEPEUSDT            42,813,871.50       0.025937          63,641.48           
PAXGUSDT            22,731,503.46       0.010787         195,360.72           
DOGEUSDT           101,783,624.08       0.022701         197,509.91           
XRPUSDT            113,730,103.95       0.017598         367,228.12           
BNBUSDT             71,580,390.46       0.013361         401,002.29           
XAUTUSDT            52,812,156.60       0.010357         492,305.15           
SOLUSDT            210,117,067.67       0.020469         501,503.49           
TRXUSDT             34,841,347.03       0.008160         523,253.26           
ETHUSDT            665,217,704.96       0.017569       2,155,038.46           
EURUSDT             19,837,795.43       0.002271       3,847,850.43           
BTCUSDT          1,139,659,577.10       0.014075       5,752,865.57           
XUSDUSDT             7,153,458.50       0.000256     109,168,626.58           
UUSDT               19,545,589.97       0.000160     765,948,101.93           
FDUSDUSDT           39,405,932.24       0.000222     796,870,783.06           
USD1USDT           114,716,445.75       0.000237   2,044,892,300.58           
USDCUSDT         1,949,060,059.93       0.000101 189,352,699,110.71           

Summary
-------
Symbols in universe (exchangeInfo): 432
Scan failures (skipped): 0
Met minimum volume (>= 1,000,000 USDT, 1d quote volume): 84
Selected for 30d ceiling run (top 1000): 84
Total assets processed (ceilings computed): 84
Ceiling distribution:
  ceiling < 1k: 12
  < 10k: 39
  < 100k: 18
  < 1M: 7
  >= 1M: 8
